SOYBEAN: 0.34979542525271623
CORN: 0.35000000000000075
COCOA: 4.726992132003284e-17
COTTON: 0.30020457474728346
